32
65.5832 119.665 -10.5385 1 0 0
108.029 19.5529 -32.488 0 1 0
148.457 42.3501 47.2574 0 1 0
-8.93733 -11.6683 177.486 0 1 0
83.7234 26.8874 264.517 0 1 0
109.603 42.053 168.372 0 1 0
56.6334 35.5899 140.058 0 1 0
-12.7483 49.593 157.295 0 1 0
5.26568 65.9899 244.013 0 1 0
69.8485 67.784 320.456 0 1 0
167.749 84.8615 149.489 0 1 0
29.6444 121.03 124.099 0 1 0
-7.97406 144.576 179.082 0 1 0
24.0051 132.905 268.314 0 1 0
106.069 158.965 209.219 -0.146447 0.957107 -0.25
93.9721 147.908 146.357 -0.707107 -0.5 0.5
67.3628 129.399 118.76 0 -0.707107 -0.707107
39.603 106.848 85.2187 0 1 0
13.6718 77.9624 61.6673 0 -0.707107 0.707107
-25.8746 46.4608 43.0051 0 0 -1
-72.2842 11.3061 29.2324 0 0.707107 0.707107
-155.115 -12.6386 31.5078 0 0.707107 0.707107
-189.376 21.3771 153.516 0.707107 0.707107 0
45.2346 22.5323 418.192 0 1 0
-118.59 -187.73 379.403 0 1 0
-280.487 87.36 402.063 0 1 0
-306.376 102.657 662.567 0.146447 0.853553 -0.5
-307.923 168.076 150.886 0 1 0
-180.447 534.911 -20.9739 0 1 0
99.1396 -12.0429 -32.1524 0 1 0
167.502 94.3002 -58.2817 -1 0 0
118.361 145.08 -52.3819 0 -1 0
